-520493 -7078 477092 -101768
25
-520493 -7078 577827
-21962 608545 288913
1065 -594603 288913
265872 867596 144457
283142 366764 144457
317682 -364335 144457
306169 -853654 144457
415546 1000000 72228
421303 735192 72228
422911 504017 72228
420792 222236 72228
437768 -198051 72228
447258 -515983 72228
442513 -712911 72228
435395 -1000000 72228
490101 566180 36114
492685 439594 36114
491393 288465 36114
484935 147670 36114
504211 -121315 36114
510132 -266373 36114
519013 -455836 36114
519013 -580171 36114
520493 -661581 36114
519013 -777035 36114
